dog
95
109
180
167
53
153
91
133
167
58
126
73
76
62
44
84
129
38
132
52
106
224
-153
41
316
270
45
138

cat
128
107
51
147
69
142
222
179
264
90
243
84
42
177
43
116
108
126
216
47
211
2
-158
88
183
9
43
180

bird
110
107
196
84
182
145
92
207
55
91
136
114
42
98
44
156
181
71
99
87
117
222
29
42
222
315
185
136

bird
92
98
78
103
52
63
190
37
194
126
81
169
39
76
148
180
98
93
100
137
115
85
-16
86
266
353
264
272
